---
images/banner-large.jpg: 2015-09-20 15:52:34.000000000 -04:00
images/banner-med.jpg: 2015-09-20 15:52:59.000000000 -04:00
images/banner-small.jpg: 2015-09-20 15:53:25.000000000 -04:00
images/banner-xl.jpg: 2015-09-20 16:44:33.000000000 -04:00
images/banner-xl2.jpg: 2015-09-14 07:33:00.000000000 -04:00
images/MAIN-banner-xl.jpg: 2015-09-20 15:49:15.000000000 -04:00
images/MAIN-banner-xl copy.jpg: 2015-09-20 15:49:15.000000000 -04:00
images/MAIN-banner-large.jpg: 2015-09-20 15:52:34.000000000 -04:00
images/MAIN-banner-large copy.jpg: 2015-09-20 15:52:34.000000000 -04:00
images/MAIN-banner-med.jpg: 2015-09-20 15:52:59.000000000 -04:00
images/MAIN-banner-med copy.jpg: 2015-09-20 15:52:59.000000000 -04:00
images/MAIN-banner-small.jpg: 2015-09-20 15:53:25.000000000 -04:00
