---
images/banner-large.jpg: 2015-09-14 07:33:00.000000000 -04:00
images/banner-med.jpg: 2015-09-14 07:33:00.000000000 -04:00
images/banner-small.jpg: 2015-09-14 07:33:00.000000000 -04:00
images/banner-xl.jpg: 2015-09-14 07:33:00.000000000 -04:00
images/banner-xl2.jpg: 2015-09-14 07:33:00.000000000 -04:00
