---
images/banner-large.jpg: 2015-09-20 15:52:34.000000000 -04:00
images/banner-med.jpg: 2015-09-20 15:52:59.000000000 -04:00
images/banner-small.jpg: 2015-09-20 15:53:25.000000000 -04:00
images/banner-xl.jpg: 2015-10-13 21:25:54.000000000 -04:00
images/banner-xl2.jpg: 2015-09-14 07:33:00.000000000 -04:00
images/MAIN-banner-xl.jpg: 2015-09-20 15:49:15.000000000 -04:00
images/MAIN-banner-xl copy.jpg: 2015-09-20 15:49:15.000000000 -04:00
images/MAIN-banner-large.jpg: 2015-09-20 15:52:34.000000000 -04:00
images/MAIN-banner-large copy.jpg: 2015-09-20 15:52:34.000000000 -04:00
images/MAIN-banner-med.jpg: 2015-09-20 15:52:59.000000000 -04:00
images/MAIN-banner-med copy.jpg: 2015-09-20 15:52:59.000000000 -04:00
images/MAIN-banner-small.jpg: 2015-09-20 15:53:25.000000000 -04:00
images/banner-xl-research.jpg: 2015-09-20 18:28:59.000000000 -04:00
images/banner-xl-blank.jpg: 2015-09-20 18:35:18.000000000 -04:00
images/research_FigCavios.jpg: 2015-10-14 00:09:43.000000000 -04:00
